[Settings]
volume_threshold = 8200
tracking_zone = (421, 411, 606, 441)
detection_threshold = 0.550000011920929
debug = true
cast_time = 15
launch_time = 0.6499999761581421
food_time = 30
bait_inventory = (731, 453)

