[Settings]
volume_threshold = 5500
tracking_zone = (421, 411, 606, 441)
detection_threshold = 0.550000011920929
debug = true
cast_time = 20
launch_time = 0.949999988079071

