[Settings]
game_resolution = 0
volume_threshold = 8200
tracking_zone = (421, 411, 606, 441)
bait_inventory = (1186, 648)
detection_threshold = 0.550000011920929
debug = true
cast_time = 15
launch_time = 0.6499999761581421
food_time = 30
max_catch_time = 30

